gnuReflex_SN
174
96
13
67
 1.0000000     0.0000000
 0.9930709     0.0011871
 0.9808504     0.0025507
 0.9667760     0.0040798
 0.9515754     0.0056774
 0.9356560     0.0072873
 0.9192745     0.0088848
 0.9026643     0.0104793
 0.8860984     0.0120894
 0.8697615     0.0137473
 0.8537068     0.0155026
 0.8379015     0.0174163
 0.8222496     0.0195344
 0.8065987     0.0218939
 0.7907842     0.0244908
 0.7747228     0.0272872
 0.7584281     0.0302280
 0.7419968     0.0332400
 0.7255170     0.0362530
 0.7089870     0.0392299
 0.6923883     0.0421796
 0.6757377     0.0451154
 0.6590765     0.0480543
 0.6424513     0.0510097
 0.6258811     0.0539934
 0.6093479     0.0570182
 0.5928142     0.0600943
 0.5762400     0.0632227
 0.5596127     0.0663893
 0.5429560     0.0695732
 0.5263146     0.0727499
 0.5097364     0.0758930
 0.4932478     0.0789796
 0.4768535     0.0819876
 0.4605431     0.0848971
 0.4442847     0.0876965
 0.4280134     0.0903861
 0.4116656     0.0929889
 0.3952171     0.0955288
 0.3787229     0.0980211
 0.3623312     0.1004494
 0.3461788     0.1027551
 0.3303311     0.1048785
 0.3147914     0.1067599
 0.2995266     0.1083546
 0.2844986     0.1096289
 0.2696780     0.1105569
 0.2550503     0.1111170
 0.2406080     0.1112890
 0.2263420     0.1110554
 0.2122514     0.1104017
 0.1983415     0.1093145
 0.1846067     0.1077800
 0.1710435     0.1057924
 0.1576756     0.1033506
 0.1445316     0.1004511
 0.1316326     0.0970922
 0.1190069     0.0932781
 0.1067076     0.0890212
 0.0948120     0.0843393
 0.0833593     0.0792276
 0.0723628     0.0736998
 0.0619025     0.0678265
 0.0520836     0.0617130
 0.0430457     0.0555500
 0.0350152     0.0495933
 0.0281145     0.0439789
 0.0223095     0.0387416
 0.0174858     0.0338851
 0.0135134     0.0293983
 0.0102597     0.0252531
 0.0075939     0.0214314
 0.0054057     0.0179162
 0.0036315     0.0146725
 0.0022372     0.0116522
 0.0011947     0.0088139
 0.0004917     0.0061365
 0.0000926     0.0036159
 0.0000000     0.0012214
 0.0001976    -0.0011045
 0.0009909    -0.0032994
 0.0024806    -0.0051489
 0.0044615    -0.0066897
 0.0066970    -0.0080441
 0.0091172    -0.0093081
 0.0116590    -0.0105247
 0.0143172    -0.0116213
 0.0170495    -0.0126209
 0.0198011    -0.0135164
 0.0225523    -0.0142426
 0.0252669    -0.0148158
 0.0278968    -0.0153150
 0.0304059    -0.0158040
 0.0328021    -0.0162165
 0.0350560    -0.0165721
 0.0371793    -0.0168549
 0.0393022    -0.0170000
 0.0413238    -0.0173000
 0.0429997    -0.0180000
 0.0450000    -0.0198865
 0.0465000    -0.0218840
 0.0476000    -0.0238002
 0.0488000    -0.0255586
 0.0502654    -0.0272387
 0.0522725    -0.0292000
 0.0544888    -0.0314000
 0.0568111    -0.0335000
 0.0591254    -0.0357000
 0.0615035    -0.0378000
 0.0641517    -0.0398975
 0.0673406    -0.0421835
 0.0712143    -0.0442618
 0.0758662    -0.0462002
 0.0813671    -0.0480938
 0.0878099    -0.0500855
 0.0950903    -0.0523419
 0.1030606    -0.0545267
 0.1121177    -0.0562264
 0.1231232    -0.0577153
 0.1360229    -0.0593963
 0.1497237    -0.0610088
 0.1640929    -0.0624109
 0.1791633    -0.0636115
 0.1946694    -0.0646096
 0.2104443    -0.0654241
 0.2264588    -0.0660730
 0.2427196    -0.0665799
 0.2592309    -0.0669847
 0.2759689    -0.0673295
 0.2928733    -0.0676542
 0.3098447    -0.0679798
 0.3267508    -0.0683028
 0.3434758    -0.0685933
 0.3600001    -0.0688040
 0.3763717    -0.0689024
 0.3926244    -0.0688657
 0.4087881    -0.0686755
 0.4249291    -0.0683185
 0.4411171    -0.0678013
 0.4573788    -0.0671378
 0.4737100    -0.0663430
 0.4900954    -0.0654306
 0.5065258    -0.0644085
 0.5230054    -0.0632841
 0.5395320    -0.0620673
 0.5560931    -0.0607669
 0.5726892    -0.0593879
 0.5893317    -0.0579382
 0.6060062    -0.0564307
 0.6226739    -0.0548714
 0.6393041    -0.0532585
 0.6558869    -0.0515850
 0.6724377    -0.0498410
 0.6889703    -0.0480234
 0.7054625    -0.0461342
 0.7218985    -0.0441645
 0.7383168    -0.0421012
 0.7547514    -0.0399472
 0.7711794    -0.0377117
 0.7875779    -0.0353926
 0.8039632    -0.0329843
 0.8203585    -0.0304859
 0.8367758    -0.0279004
 0.8532230    -0.0252341
 0.8697055    -0.0224950
 0.8862220    -0.0196940
 0.9027567    -0.0168458
 0.9192639    -0.0139714
 0.9356284    -0.0110977
 0.9516170    -0.0082700
 0.9668839    -0.0055545
 0.9809684    -0.0030365
 0.9931308    -0.0008458
 1.0000000     0.0000000
