**************************************************************
* LABORATORI D'ENVOL PARAGLIDING DESIGN                      *
* Input data file version 3.25                               *
**************************************************************
* Version update 20250107                                    *
**************************************************************
*             1. GEOMETRY                                    *
**************************************************************
* Brand name
"Plan B"
* Wing name
"Swoop there it is"
* Drawing scale
1.0
* Wing scale 
1.0
* Number of cells
	23
* Number of ribs
	24
* Alpha wingtip, parameter, (alpha center) 
	3.0        2         -1.0
* Paraglider type and parameter
  "ds" 	0
* Rib geometric parameters
*Rib	x-rib       y-LE       y-TE   	    xp         z	beta      RP        Washin
  1      23.41       0.13     219.88      23.40       0.58       2.91      33.33       0.00
 2      69.94       1.16     218.95      69.69       5.21       8.56      33.33       0.00
 3     115.92       3.21     217.09     114.75      14.25      14.20      33.33       0.00
 4     161.07       6.27     214.32     157.92      27.40      19.96      33.33       0.00
 5     205.11      10.34     210.65     198.42      44.64      26.34      33.33       0.00
 6     247.71      15.87     206.08     235.53      65.52      32.52      33.33       0.00
 7     288.36      24.20     200.68     268.65      89.04      38.28      33.33       0.00
 8     326.57      35.08     194.51     297.10     114.51      45.53      33.33       0.00
 9     361.95      48.02     187.66     320.33     141.17      52.30      33.33       0.00
10     394.15      63.71     181.04     338.39     167.80      60.11      33.33       0.00
11     422.25      88.18     176.72     350.71     193.03      67.99      33.33       0.00
12     445.00     122.08     173.18     359.07     218.23      74.26      33.33       0.00
**************************************************************
*             2. AIRFOILS       	                     *
**************************************************************
* Airfoil name, intake in, intake out, open , disp. rrw
1	gnuReflex_SN.txt	3.0	6.0	1	0	1	15
2	gnuReflex_SN.txt	3.0	6.0	1	0	1	15
3	gnuReflex_SN.txt	3.0	6.0	1	0	1	15
4	gnuReflex_SN.txt	3.0	6.0	1	0	1	15
5	gnuReflex_SN.txt	3.0	6.0	1	0	1	15
6	gnuReflex_SN.txt	3.0	6.0	1	0	1	15
7	gnuReflex_SN.txt	3.0	6.0	1	0	1	15
8	gnuReflex_SN.txt	3.0	6.0	1	0	1	15
9	gnuReflexC174.txt	3.0	6.0	1	0	0	15
10	gnuReflexC174.txt	3.0	6.0	1	0	0	15
11	gnuReflexC174.txt	3.0	6.0	1	0	0	15
12	gnuReflexC174.txt	3.0	6.0	1	0	0	15
*************************************************************
*            3. ANCHOR POINTS                               *
*************************************************************
* Airf	Anch	A	B	C	D	E	F
1	3	10    42    70	0	0	0
2	3	10    42    70  0	0	98
3	3	10    42    70	0 	0	98
4	3	10    42    70	0 	0	98
5	3	10    42    70	0 	0	98
6	3	10    42    70	0 	0	98
7	3	10    42    70	0 	0	98
8	3	10    42    70	0 	0	98
9	3	10    42    70	0 	0	98
10	3	10    42    70	0 	0	98
11	3	10    42    70	0 	0	98
12	3	10    42    70	0 	0	0
*************************************************************
*          4. AIRFOIL HOLES                                 *
*************************************************************
2
1
8
8
1  14.0    2.0    2.5    5.0    0.    0.    0.    0.
1  25.0    2.0    2.5    6.5    0.    0.    0.    0.
1  36.0    1.6    2.5    5.5    0.    0.    0.    0.
1  47.0    1.2    2.2    4.7    0.    0.    0.    0.
1  54.0    0.8    1.8    4.3    0.    0.    0.    0.
1  60.0    0.6    1.4    3.4    0.    0.    0.    0.
1  65.0    0.2    1.4    3.0    0.    0.    0.    0.
1  75.0    -0.2    1.0    2.0    0.    0.    0.    0.
9
12
4
1  20.0    1.9    2.5    6.0    0.    0.    0.    0.
1  30.0    1.7    2.5    6.0    0.    0.    0.    0.
1  50.0    1.0    1.8    4.0    0.    0.    0.    0.
1  60.0    0.5    1.5    3.5    0.    0.    0.    0.
*************************************************************
*           5. SKIN TENSION                                 *
*************************************************************
Extrados
0.		0.		0.		0.
7.5		1.3		10.		1.3
15.		2.3		20.		2.3
80.		2.3		80.		2.3
90.		1.3		90.		1.3
100.	0.0		100.	0.
0.0114
1000	1.0
*************************************************************
*           6. SEWING ALLOWANCES                            *
*************************************************************
28	100	44	upper panels (mm)
28	100	44	lower panels (mm)
28	ribs (mm)
28	vribs (mm)
*************************************************************
*           7. MARKS
*************************************************************
24	1.0	0.0
************************************************************
*           8. Global angle of attack estimation           *
*************************************************************
* Finesse GR
	10.0
* Center of pressure % of chord
	38
* Calage %
	30
* Risers lenght cm
	35
* Line lenght cm
	500
* Karabiners cm
	55
***************************************************
*          9. SUSPENSION LINES DESCRIPTION
***************************************************
0
2
6
3    1 1    2 1    3 1    0 0     1 2
3    1 1    2 1    3 2    0 0     1 4
3    1 1    2 2    3 3    0 0     1 6
3    1 1    2 2    3 4    0 0     1 8
4    1 1    2 3    3 5    4 1     1 10
4    1 1    2 3    3 5    4 2     1 11
9
3    1 1    2 1    3 1    0 0     3 2
3    1 1    2 1    3 2    0 0     3 4
3    1 1    2 2    3 3    0 0     3 6
3    1 1    2 2    3 4    0 0     3 8
4	 1 1    2 3    3 5    4 1     3 10
4    1 1    2 3    3 5    4 2     3 11
4    1 1    2 4    3 6    4	3     1 12
4    1 1    2 4    3 6    4	4     2 12
4    1 1    2 4    3 6    4	5     3 12
***************************************************
*       10. BRAKES
***************************************************
42
5
3	1 1	2 1	3 1	0 0	6	2
3	1 1	2 1	3 2	0 0	6	4
3	1 1	2 1	3 3	0 0	6	6
3	1 1	2 2	3 4	0 0	6	8
3	1 1	2 2	3 5	0 0	6	10
* Brake distribution
0	25	55	70	100
0 	0	0	0	0
***************************************************
*       11. Ramification lengths
***************************************************
3	160
4	120	75
3	165
4	200	120
***************************************************
*	12. H V and VH ribs
***************************************************
34
110	110
1	11	0	1	1	1	2.5	0.	0.	0.
2	11	1	1	2	1	2.5	0.	0.	0.
3	11	4	1	5	1	2.5	0.	0.	0.
4	11	5	1	6	1	2.5	0.	0.	0.
5	11	8	1	9	1	2.5	0.	0.	0.
6	11	9	1	10	1	2.5	0.	0.	0.
7	13	2	1	1	1	2.5	9.99	0.	0.
8	13	4	1	1	1	2.5	9.99	0.	0.
9	13	6	1	1	1	2.5	9.99	0.	0.
10	13	8	1	1	1	2.5	9.99	0.	0.
11	13	10	1	1	0	2.5	9.99	0.	0.
12	11	0	2	1	2	2.5	0.	0.	0.
13	11	1	2	2	2	2.5	0.	0.	0.
14	11	4	2	5	2	2.5	0.	0.	0.
15	11	5	2	6	2	2.5	0.	0.	0.
16	11	8	2	9	2	2.5	0.	0.	0.
17	11	9	2	10	2	2.5	0.	0.	0.
18	13	2	2	1	1	2.5	22	0.	0.
19	13	4	2	1	1	2.5	22	0.	0.
20	13	6	2	1	1	2.5	22	0.	0.
21	13	8	2	1	1	2.5	22	0.	0.
22	13	10	2	1	0	2.5	22	0.	0.
23	11	0	3	1	3	2.5	0.	0.	0.
24	11	1	3	2	3	2.5	0.	0.	0.
25	11	2	3	3	3	2.5	0.	0.	0.
26	11	3	3	4	3	2.5	0.	0.	0.
27	11	4	3	5	3	2.5	0.	0.	0.
28	11	5	3	6	3	2.5	0.	0.	0.
29	11	6	3	7	3	2.5	0.	0.	0.
30	11	7	3	8	3	2.5	0.	0.	0.
31	11	8	3	9	3	2.5	0.	0.	0.
32	11	9	3	10	3	2.5	0.	0.	0.
33	11	10	3	11	3	2.5	0.	0.	0.
34	11	11	3	12	3	2.5	0.	0.	0.
*****************************************************
*	15. Extrados colors
*****************************************************
0
*****************************************************
*	16. Intrados colors
*****************************************************
0
*****************************************************
*       17. Aditional rib points
*****************************************************
0
*****************************************************
*       18. Elastic lines corrections
*****************************************************
1.5
60	40
30	40	30
35	35	20	10
35	35	15	10	5
1	0.08	0.2	0.2	
2	0.08	0.2	0.2
3	0.08	0.2	0.2
4	0.08	0.2	0.2
5	0.08	0.2	0.2
******************************************************
*       19. DXF layer names
******************************************************
10
general         default
line-external	cutexternal
line-sewing     cutinternal
points		points
circles		circles
triangles       triangle
square          square
text		text
reference       refer
notes           notes
******************************************************
*       20. Marks types
******************************************************
10
typepoint   1  0.25  1.2     2  1.0  1.6
typepoint2  1  0.25  1.2     2  0.2  1.2
typepoint3  1  0.25  1.2     2  0.2  1.2
typevent    1  10.   0.0     2  1.0  2.0
typetab     1  10.   0.0     3  1.0  0.0
typejonc    1  10.   0.0     2  1.0  0.0
typeref     1  5.0   1.      1  1.0  0.0
type8       1  0.2   5.0     1  0.0  1.0
type9       1  0.0   7.0     1  1.3  1.0
type10      1  0.0   6.0     1  0.0  1.0
*******************************************************
*       21. JONCS DEFINITION (NYLON RODS)
*******************************************************
2
1
1 3
1
1 1 8
5.0   11.0    1.2   2.0
3.0   5.0     1.5   0.8
4.5   4.0     2.0   0.7
15  20    1.0   2.2
2.5   32    10   25
*******************************************************
*       22. NOSE MYLARS DEFINITION
*******************************************************
0
*******************************************************
*       23. TAB REINFORCEMENTS
*******************************************************
0
*******************************************************
*       24. GENERAL 2D DXF OPTIONS
*******************************************************
1
A_lines_color	1     red
B_lines_color	5     blue
C_lines_color	30    orange
D_lines_color	3     green
E_lines_color   3     green
F_lines_color	2     yellow
*******************************************************
*       25. GENERAL 3D DXF OPTIONS
*******************************************************
1
A_lines_color	1     red
B_lines_color	5     blue
C_lines_color	30    orange
D_lines_color	3     green
E_lines_color   3     green
F_lines_color	2     yellow
Extrados	0	8       dark grey
Vents		0	1       red
Intrados	0	3	green
*******************************************************
*       26. GLUE VENTS
*******************************************************
1
1	0
2	0
3	0
4   0
5	0
6	0
7	0
8	0
9	-2
10	-1
11	-1
12  -1
*******************************************************
*       27. SPECIAL WING TIP
*******************************************************
0
*******************************************************
*       28. PARAMETERS FOR CALAGE VARIATION
*******************************************************
0
*******************************************************
*       29. 3D SHAPING
*******************************************************
1
1
groups   1
group    1    1   12
upper    1    1
1       63	73	0.5
lower    0    1
* Print parameters
Inter3D 0    1    12     0
Ovali3D 0    1    12     0
tesse3D 0    1    12     0
exteDXF 0    1    12     0
exteSTL 0    1    12     1
*******************************************************
*       30. AIRFOIL THICKNESS MODIFICATION
*******************************************************
 1
1    1.0
2    1.0
3    1.0
4    1.0
5    1.0
6    1.0
7    1.0
8    1.0
9    1.0
10	1.0
11	1.0
12	0
*******************************************************
*       31. NEW SKIN TENSION MODULE
*******************************************************
1
1
* Skin tension group 1, ribs 1 to 20, 10 points, type 1
1      	1	31	10	1
1	0.		0.0	0.		0.
2	3.75		0.5	5.		0.665
3	7.5		1.2	10.		1.33
4	11.25		1.83	15.		1.95
5	15.		2.19	20.		2.32
6	25.		2.5	25.		2.5
7	72.		2.5	75.		2.5
8	80.		2.2	80.		2.2
9	90.		1.33	90.		1.3
10	100.		0.0	100.		0.
*******************************************************
*       32. PARAMETERS FOR PARTS SEPARATION
*******************************************************
1
panel_x		1.2
panel_x_min	1.0
panel_y		0.8
rib_x		0.8
rib_y		1.0
rib_1y		1.8
jonc_x		0.8
jonc_y		1.0
jonc_i		0.9
parameter10	1.0
*******************************************************
*       33. DETAILED RISERS
*******************************************************
0
*******************************************************
*       34. LINES CHARACTERISTICS TABLE
*******************************************************
0
*******************************************************
*       35. SOLVE EQUILIBRIUM EQUATIONS
*******************************************************
1
g        9.807  m/s2 gravity of Earth
ro       1.225  kg/m3 air mass density
mu       18.46  muPa·s air dynamic viscosity (microPascals)
V        12.4   m/s  estimated flow speed
Alpha    9.45    deg  estimated wing angle of attact at trim speed
Cl       0.67913       wing lift coefficient
cle      1.0         lift correction coefficient
Cd	 0.03790     wing drag coefficient
cde      1.1        drag correction coefficient
Cm       0.0         wing moment coefficient
Spilot	 0.438  m2   pilot+harness frontal surface
Cdpilot  0.6         pilot+harness drag coefficient   
Mw       4.0    kg   wing mass
Mp       70   kg   pilot mass included harness and instruments
Pmc      0.2    m    pilot mass center below main karabiners
Mql      8.0    g    one quick link mass (riser-lines)
Ycp      0.575  m   y-coordinate center of pressure
Zcp      0.395  m   z-coordinate center of pressure
*******************************************************
*       36. CREATE FILES FOR XFLR5 ANALYSIS
*******************************************************
0
*******************************************************
*       37. SOME SPECIAL PARAMETERS
*******************************************************
1
8
1291	8    nsegments in transverse direction (stl surfaces)
1341    0    use CAD colors for each line type according table 34
1146	36.  gravity center in % of a typical section (default is 36%)
1351	1    Solve method (1 or 6)
1352	2    Use flat area (1) or projected area (2)
1353    2    Print normal (0) or advanced detailed output (1),(2)
2000    "2026-05-01"
3001	3    6.0 0.8
